0.04938417	1041904
0.1293372	905993.7
0.2092902	587389.2
0.2892432	376021.2
0.3691962	64924.59
0.4491493	11259.85
0.5291023	12353.88
0.6090553	8766.441
0.6890083	4913.648
0.7689614	3599.787
0.8489144	2733.417
0.9288674	2244.147
1.00882	2249.401
1.088773	2151.178
1.168726	1602.633
1.248679	1440.862
1.328632	1469.855
1.408586	1074.387
1.488539	829.6177
1.568492	655.2361
1.648445	605.3679
1.728398	330.3245
1.808351	249.9184
1.888304	257.9323
1.968257	123.6009
2.04821	90.81476
2.128163	74.61282
2.208116	43.57093
2.288069	27.25203
2.368022	20.97878
2.447975	16.74909
2.527928	16.39132
2.607881	15.10658
2.687834	14.53752
2.767787	12.85779
2.84774	11.15851
2.927693	10.72079
3.007646	10.41103
3.087599	9.911172
3.167552	9.038026
3.247505	8.590444
3.327458	8.61785
3.407411	8.378521
3.487364	8.108526
3.567317	7.447046
3.64727	7.414395
3.727223	6.564215
3.807176	6.818083
3.887129	6.669406
3.967082	6.393389
4.047035	6.578956
4.126988	6.052956
4.206941	6.132531
4.286894	5.741688
4.366847	5.938813
4.4468	5.673675
4.526753	5.434734
4.606706	5.591166
4.686659	5.483216
4.766612	5.745852
4.846565	5.641012
4.926518	5.728089
5.006471	5.505001
5.086424	5.574734
5.166377	5.371568
5.24633	5.224643
5.326284	5.392461
5.406237	5.416226
5.48619	5.321007
5.566143	5.364885
5.646096	5.085799
5.726049	5.307334
5.806002	4.851316
5.885955	4.949086
5.965908	4.915944
6.045861	5.193585
6.125814	4.829638
6.205767	4.746023
6.28572	4.76544
6.365673	4.647679
6.445626	4.815133
6.525579	4.964118
6.605532	4.996901
6.685485	4.748105
6.765438	5.06259
6.845391	4.783196
6.925344	4.671127
7.005297	4.695665
7.08525	4.744096
7.165203	4.930447
7.245156	4.810387
7.325109	4.631598
7.405062	4.707028
7.485015	4.555355
7.564968	4.621989
7.644921	4.46212
7.724874	4.578959
7.804827	4.727382
7.88478	4.281671
7.964733	4.540337
8.044686	4.396454
8.124639	4.694043
8.204592	4.341703
8.284545	4.351278
8.364498	4.342024
8.444451	4.116692
8.524404	4.284821
8.604357	4.35132
8.68431	4.379378
8.764263	4.108043
8.844216	4.04166
8.924169	3.978612
9.004122	3.927364
9.084075	4.129809
9.164028	4.218063
9.243982	4.038759
9.323935	3.975199
9.403888	3.869394
9.483841	3.965344
9.563794	3.937902
9.643747	3.85057
9.7237	3.92044
9.803653	4.036207
9.883606	3.817645
9.963559	3.846145
10.04351	4.01687
10.12346	3.723251
10.20342	4.040679
10.28337	3.966546
10.36332	3.786984
10.44328	3.577735
10.52323	3.723759
10.60318	3.832258
10.68314	3.742432
10.76309	3.659217
10.84304	3.476142
10.92299	3.603264
11.00295	3.751501
11.0829	3.728497
11.16285	3.490455
11.24281	3.398502
11.32276	3.567844
11.40271	3.455981
11.48267	3.336966
11.56262	3.516644
11.64257	3.378441
11.72253	3.436119
11.80248	3.380459
11.88243	3.459963
11.96238	3.46079
12.04234	3.58108
12.12229	3.453314
12.20224	3.548868
12.2822	3.297633
12.36215	3.255819
12.4421	3.250078
12.52206	3.289941
12.60201	3.328097
12.68196	3.32164
12.76191	3.237613
12.84187	3.010276
12.92182	3.168266
13.00177	3.214122
13.08173	2.955635
13.16168	2.914581
13.24163	2.998759
13.32159	3.129517
13.40154	2.878724
13.48149	3.00528
13.56144	3.042094
13.6414	2.94044
13.72135	2.817669
13.8013	2.854855
13.88126	2.819465
13.96121	2.825733
14.04116	2.833996
14.12112	2.835377
14.20107	2.741488
14.28102	2.698636
14.36097	2.834933
14.44093	2.729736
14.52088	2.620184
14.60083	2.606359
14.68079	2.708691
14.76074	2.58629
14.84069	2.601782
14.92065	2.710891
15.0006	2.567569
15.08055	2.507709
15.16051	2.619431
15.24046	2.632056
15.32041	2.658687
15.40036	2.76353
15.48032	2.604257
15.56027	2.741255
15.64022	2.718069
15.72018	2.831543
15.80013	2.790076
15.88008	2.775385
15.96004	2.872863
16.03999	2.927163
16.11994	2.983077
16.19989	2.664709
16.27985	2.924597
16.3598	3.019696
16.43975	3.126135
16.51971	3.231759
16.59966	3.512408
16.67961	3.725079
16.75957	3.832473
16.83952	4.152924
16.91947	4.461963
16.99942	4.747591
17.07938	5.502896
17.15933	6.531777
17.23928	8.280547
17.31924	12.67862
17.39919	20.6279
17.47914	31.25191
17.5591	40.3043
17.63905	44.27822
17.719	35.4342
17.79895	21.11015
17.87891	11.27186
17.95886	7.546808
18.03881	6.154395
18.11877	5.138452
18.19872	4.48478
18.27867	4.227587
18.35863	3.924839
18.43858	3.662897
18.51853	3.656843
18.59848	3.505178
18.67844	3.416163
18.75839	3.486102
18.83834	3.372824
18.9183	3.393515
18.99825	3.195213
19.0782	3.230056
19.15816	3.278786
19.23811	3.243789
19.31806	3.383379
19.39802	3.318813
19.47797	3.559276
19.55792	3.664907
19.63787	3.623754
19.71783	3.943117
19.79778	4.303394
19.87773	4.991344
19.95769	5.730466
20.03764	7.377958
20.11759	9.874925
20.19755	13.70179
20.2775	17.1451
20.35745	18.39376
20.4374	15.80731
20.51736	11.7063
20.59731	7.604018
20.67726	5.085549
20.75722	4.284679
20.83717	3.540963
20.91712	3.124938
20.99708	2.934302
21.07703	2.675526
21.15698	2.648678
21.23693	2.441596
21.31689	2.438519
21.39684	2.324373
21.47679	2.351065
21.55675	2.222632
21.6367	2.161552
21.71665	2.230956
21.79661	2.257615
21.87656	2.176206
21.95651	2.178894
22.03646	2.012943
22.11642	2.140531
22.19637	2.025274
22.27632	2.012432
22.35628	2.038386
22.43623	1.941342
22.51618	2.06643
22.59614	2.022747
22.67609	2.019075
22.75604	2.006023
22.83599	2.035524
22.91595	1.918227
22.9959	1.848424
23.07585	1.979892
23.15581	1.890199
23.23576	1.945647
23.31571	1.975862
23.39567	1.907284
23.47562	1.869621
23.55557	1.917628
23.63553	1.911579
23.71548	1.841425
23.79543	1.88085
23.87538	1.913526
23.95534	1.752389
24.03529	1.819078
24.11524	1.700859
24.1952	1.895314
24.27515	1.991025
24.3551	1.833255
24.43506	1.791215
24.51501	1.846944
24.59496	1.963841
24.67491	1.763377
24.75487	1.811281
24.83482	1.88602
24.91477	1.772103
24.99473	1.703935
25.07468	1.763101
25.15463	1.759497
25.23459	1.71164
25.31454	1.728031
25.39449	1.797178
25.47444	1.862964
25.5544	1.842183
25.63435	1.858642
25.7143	1.811102
25.79426	1.909318
25.87421	1.864295
25.95416	1.871134
26.03412	1.7302
26.11407	1.77418
26.19402	1.720912
26.27397	1.745942
26.35393	1.841119
26.43388	1.719871
26.51383	1.73121
26.59379	1.795226
26.67374	1.755967
26.75369	1.806943
26.83365	1.848657
26.9136	1.797891
26.99355	7.75105
27.07351	5.637956
27.15346	1.931492
27.23341	1.791215
27.31336	1.907928
27.39332	1.869402
27.47327	35.21687
27.55322	1.923143
27.63318	2.01524
27.71313	1.961522
27.79308	2.044913
27.87304	2.01493
27.95299	2.166693
28.03294	2.193403
28.11289	2.223582
28.19285	2.293491
28.2728	2.382811
28.35275	2.614196
28.43271	2.972171
28.51266	3.842906
28.59261	5.069938
28.67257	7.202202
28.75252	10.28419
28.83247	12.38543
28.91242	11.48513
28.99238	9.017561
29.07233	6.648619
29.15228	4.224382
29.23224	3.239158
29.31219	2.64804
29.39214	2.521762
29.4721	2.267169
29.55205	2.134866
29.632	2.106347
29.71195	2.048813
29.79191	2.054149
29.87186	2.061877
29.95181	1.977461
30.03177	2.013698
30.11172	1.990998
30.19167	1.931016
30.27163	1.852527
30.35158	1.901875
30.43153	1.944993
30.51148	1.88778
30.59144	1.906468
30.67139	1.780556
30.75134	1.779411
30.8313	1.760335
30.91125	1.807165
30.9912	1.893359
31.07116	1.776333
31.15111	1.774107
31.23106	1.704723
31.31102	1.807958
31.39097	1.861835
31.47092	1.86394
31.55087	1.831977
31.63083	1.782381
31.71078	1.84659
31.79073	1.871116
31.87069	1.849163
31.95064	1.856497
32.03059	1.870401
32.11055	1.778629
32.1905	1.824962
32.27045	1.760791
32.3504	1.747841
32.43036	1.845356
32.51031	1.947649
32.59026	1.971656
32.67022	2.016707
32.75017	2.022436
32.83012	2.107378
32.91008	2.12701
32.99003	2.042444
33.06998	2.183315
33.14993	2.218942
33.22989	2.44692
33.30984	2.515177
33.38979	2.611716
33.46975	2.998312
33.5497	3.982926
33.62965	5.78509
33.70961	8.467211
33.78956	11.35759
33.86951	13.29354
33.94946	11.70519
34.02942	9.139913
34.10937	7.185674
34.18932	4.675964
34.26928	3.384214
34.34923	2.718086
34.42918	2.465666
34.50914	2.32375
34.58909	2.174156
34.66904	2.186337
34.749	2.046735
34.82895	2.151807
34.9089	2.003568
34.98885	2.192566
35.06881	2.472044
35.14876	2.659404
35.22871	3.33324
35.30867	4.320457
35.38862	4.844216
35.46857	4.740966
35.54853	3.839592
35.62848	3.325604
35.70843	2.708682
35.78838	2.109598
35.86834	1.955522
35.94829	1.814976
36.02824	1.631376
36.1082	1.484328
36.18815	1.548432
36.2681	1.658395
36.34806	1.548214
36.42801	1.551388
36.50796	1.497877
36.58791	1.626791
36.66787	1.637957
36.74782	1.468113
36.82777	1.589556
36.90773	1.600617
36.98768	1.59913
37.06763	1.531931
37.14759	1.569522
37.22754	1.324461
37.30749	1.581825
37.38744	1.494029
37.4674	1.39578
37.54735	1.286637
37.6273	1.41308
37.70726	1.536148
37.78721	1.43633
37.86716	1.43226
37.94712	1.597517
38.02707	1.399627
38.10702	1.410475
38.18697	1.464113
38.26693	1.267664
38.34688	1.363282
38.42683	1.708485
38.50679	1.121381
38.58674	1.090734
38.66669	1.273574
38.74665	1.327134
38.8266	1.400412
38.90655	1.606895
38.98651	1.073647
39.06646	1.104001
39.14641	1.355021
39.22636	1.068494
39.30632	1.317221
39.38627	1.166775
39.46622	1.408777
39.54618	1.401809
39.62613	1.682565
39.70608	1.096239
39.78604	1.452195
39.86599	0.6294894
39.94594	1.010524
